#TopoPred_TM8: 8-state transmembrane topology prediction results by no_profile mode 
#probabilities are in the order of H E C I L F X _, the 8 transmembrane topology types used in PDBTM 
   1 S X   0.015 0.001 0.002 0.062 0.010 0.011 0.675 0.224 
   2 G X   0.005 0.000 0.000 0.038 0.002 0.006 0.693 0.254 
   3 F X   0.002 0.000 0.000 0.021 0.001 0.004 0.696 0.275 
   4 R X   0.001 0.000 0.000 0.014 0.001 0.004 0.692 0.287 
   5 K X   0.002 0.000 0.000 0.011 0.001 0.006 0.684 0.297 
   6 M X   0.003 0.000 0.000 0.008 0.001 0.008 0.671 0.309 
   7 A X   0.004 0.000 0.000 0.007 0.002 0.010 0.656 0.321 
   8 F X   0.007 0.000 0.000 0.007 0.002 0.013 0.637 0.334 
   9 P X   0.010 0.000 0.000 0.006 0.003 0.017 0.616 0.348 
  10 S X   0.016 0.000 0.001 0.007 0.004 0.022 0.590 0.360 
  11 G X   0.025 0.001 0.001 0.008 0.007 0.030 0.560 0.369 
  12 K X   0.040 0.001 0.001 0.009 0.011 0.040 0.526 0.372 
  13 V X   0.062 0.001 0.001 0.010 0.018 0.053 0.488 0.366 
  14 E X   0.090 0.002 0.002 0.011 0.029 0.066 0.449 0.351 
  15 G X   0.120 0.004 0.002 0.012 0.043 0.078 0.410 0.330 
  16 C X   0.149 0.007 0.003 0.015 0.056 0.088 0.375 0.307 
  17 M X   0.174 0.011 0.003 0.018 0.069 0.094 0.345 0.285 
  18 V X   0.194 0.016 0.003 0.022 0.078 0.097 0.321 0.270 
  19 Q X   0.208 0.020 0.003 0.025 0.083 0.097 0.301 0.263 
  20 V X   0.216 0.022 0.003 0.027 0.085 0.094 0.285 0.268 
  21 T _   0.216 0.024 0.003 0.028 0.083 0.090 0.272 0.284 
  22 C _   0.211 0.023 0.003 0.027 0.077 0.084 0.262 0.312 
  23 G _   0.200 0.022 0.003 0.025 0.068 0.077 0.253 0.351 
  24 T _   0.184 0.019 0.003 0.022 0.058 0.070 0.246 0.399 
  25 T _   0.163 0.015 0.002 0.018 0.045 0.062 0.241 0.454 
  26 T _   0.140 0.011 0.002 0.015 0.034 0.054 0.236 0.508 
  27 L _   0.117 0.008 0.002 0.012 0.024 0.047 0.232 0.558 
  28 N _   0.095 0.006 0.001 0.010 0.017 0.041 0.229 0.601 
  29 G _   0.076 0.005 0.001 0.008 0.013 0.036 0.225 0.636 
  30 L _   0.060 0.005 0.001 0.007 0.010 0.031 0.222 0.664 
  31 W _   0.049 0.004 0.001 0.007 0.008 0.028 0.218 0.685 
  32 L _   0.040 0.005 0.001 0.007 0.007 0.026 0.214 0.701 
  33 D _   0.034 0.006 0.001 0.007 0.007 0.025 0.211 0.711 
  34 D _   0.029 0.007 0.001 0.008 0.007 0.024 0.206 0.717 
  35 V _   0.026 0.010 0.001 0.010 0.008 0.024 0.202 0.720 
  36 V _   0.024 0.014 0.001 0.012 0.009 0.024 0.197 0.719 
  37 Y _   0.023 0.019 0.001 0.015 0.010 0.025 0.193 0.714 
  38 C _   0.022 0.025 0.001 0.019 0.012 0.025 0.188 0.707 
  39 P _   0.021 0.032 0.001 0.025 0.013 0.025 0.184 0.698 
  40 R _   0.020 0.039 0.001 0.030 0.014 0.025 0.181 0.690 
  41 H _   0.019 0.043 0.001 0.034 0.015 0.024 0.178 0.686 
  42 V _   0.018 0.046 0.001 0.037 0.014 0.022 0.176 0.687 
  43 I _   0.016 0.047 0.001 0.037 0.013 0.020 0.174 0.691 
  44 C _   0.015 0.046 0.001 0.035 0.011 0.018 0.173 0.701 
  45 T _   0.013 0.042 0.001 0.031 0.009 0.016 0.173 0.716 
  46 S _   0.011 0.037 0.001 0.025 0.007 0.013 0.173 0.733 
  47 E _   0.010 0.030 0.001 0.018 0.005 0.011 0.173 0.752 
  48 D _   0.008 0.023 0.001 0.013 0.004 0.009 0.173 0.769 
  49 M _   0.007 0.017 0.000 0.009 0.003 0.007 0.173 0.784 
  50 L _   0.006 0.013 0.000 0.006 0.002 0.006 0.173 0.794 
  51 N _   0.005 0.010 0.000 0.005 0.002 0.006 0.171 0.800 
  52 P _   0.005 0.009 0.000 0.004 0.002 0.006 0.170 0.804 
  53 N _   0.005 0.009 0.000 0.004 0.002 0.006 0.168 0.806 
  54 Y _   0.005 0.009 0.000 0.005 0.002 0.006 0.165 0.806 
  55 E _   0.005 0.011 0.000 0.007 0.002 0.007 0.162 0.805 
  56 D _   0.005 0.013 0.000 0.008 0.003 0.008 0.159 0.803 
  57 L _   0.006 0.016 0.000 0.010 0.003 0.009 0.155 0.801 
  58 L _   0.006 0.019 0.000 0.011 0.004 0.010 0.151 0.800 
  59 I _   0.006 0.022 0.000 0.012 0.004 0.010 0.147 0.799 
  60 R _   0.006 0.025 0.001 0.013 0.004 0.011 0.142 0.798 
  61 K _   0.006 0.028 0.001 0.013 0.004 0.012 0.138 0.798 
  62 S _   0.006 0.032 0.001 0.013 0.005 0.013 0.134 0.797 
  63 N _   0.007 0.035 0.001 0.013 0.005 0.014 0.130 0.795 
  64 H _   0.008 0.040 0.001 0.014 0.006 0.015 0.126 0.791 
  65 N _   0.009 0.045 0.001 0.015 0.006 0.017 0.122 0.786 
  66 F _   0.010 0.050 0.001 0.016 0.007 0.019 0.118 0.779 
  67 L _   0.011 0.056 0.001 0.017 0.008 0.021 0.114 0.771 
  68 V _   0.013 0.062 0.001 0.018 0.009 0.023 0.111 0.764 
  69 Q _   0.014 0.068 0.001 0.018 0.010 0.025 0.107 0.757 
  70 A _   0.016 0.073 0.001 0.019 0.011 0.027 0.104 0.750 
  71 G _   0.018 0.078 0.001 0.019 0.012 0.029 0.101 0.744 
  72 N _   0.020 0.082 0.001 0.018 0.013 0.031 0.098 0.737 
  73 V _   0.023 0.087 0.001 0.017 0.014 0.033 0.096 0.730 
  74 Q _   0.026 0.091 0.001 0.017 0.014 0.034 0.093 0.722 
  75 L _   0.029 0.096 0.001 0.017 0.015 0.036 0.091 0.714 
  76 R _   0.032 0.101 0.001 0.017 0.016 0.037 0.090 0.706 
  77 V _   0.033 0.107 0.001 0.017 0.017 0.038 0.088 0.698 
  78 I _   0.034 0.113 0.001 0.018 0.018 0.039 0.087 0.690 
  79 G _   0.035 0.120 0.001 0.019 0.019 0.039 0.085 0.681 
  80 H _   0.036 0.127 0.001 0.021 0.020 0.039 0.084 0.671 
  81 S _   0.036 0.135 0.001 0.024 0.021 0.039 0.083 0.661 
  82 M _   0.036 0.143 0.001 0.028 0.021 0.038 0.082 0.650 
  83 Q _   0.035 0.149 0.001 0.032 0.021 0.036 0.082 0.642 
  84 N _   0.034 0.154 0.001 0.036 0.021 0.034 0.082 0.639 
  85 C _   0.032 0.156 0.001 0.039 0.020 0.031 0.083 0.639 
  86 V _   0.029 0.154 0.001 0.040 0.018 0.028 0.084 0.644 
  87 L _   0.027 0.149 0.001 0.039 0.016 0.025 0.085 0.657 
  88 K _   0.024 0.139 0.001 0.036 0.013 0.022 0.087 0.677 
  89 L _   0.021 0.124 0.001 0.031 0.011 0.019 0.090 0.704 
  90 K _   0.018 0.103 0.001 0.025 0.008 0.016 0.093 0.736 
  91 V _   0.016 0.079 0.001 0.019 0.006 0.013 0.095 0.771 
  92 D _   0.013 0.057 0.001 0.013 0.004 0.011 0.097 0.803 
  93 T _   0.011 0.041 0.000 0.009 0.003 0.009 0.099 0.828 
  94 A _   0.009 0.031 0.000 0.006 0.002 0.007 0.100 0.845 
  95 N _   0.007 0.026 0.000 0.004 0.002 0.006 0.100 0.855 
  96 P _   0.006 0.023 0.000 0.004 0.001 0.006 0.099 0.860 
  97 K _   0.006 0.023 0.000 0.004 0.001 0.006 0.098 0.862 
  98 T _   0.006 0.025 0.000 0.004 0.002 0.007 0.096 0.860 
  99 P _   0.006 0.029 0.000 0.006 0.002 0.008 0.094 0.854 
 100 K _   0.006 0.038 0.000 0.008 0.003 0.010 0.091 0.843 
 101 Y _   0.007 0.053 0.001 0.011 0.004 0.012 0.086 0.824 
 102 K _   0.008 0.076 0.001 0.015 0.006 0.015 0.082 0.799 
 103 F _   0.008 0.104 0.001 0.019 0.007 0.017 0.076 0.768 
 104 V _   0.009 0.136 0.001 0.023 0.009 0.018 0.070 0.734 
 105 R _   0.009 0.169 0.001 0.025 0.010 0.020 0.065 0.700 
 106 I _   0.010 0.202 0.001 0.028 0.011 0.022 0.059 0.666 
 107 Q _   0.010 0.233 0.001 0.031 0.013 0.023 0.054 0.635 
 108 P _   0.010 0.261 0.001 0.034 0.015 0.024 0.050 0.605 
 109 G _   0.010 0.287 0.001 0.037 0.016 0.025 0.046 0.578 
 110 Q _   0.011 0.307 0.001 0.041 0.017 0.025 0.043 0.555 
 111 T _   0.011 0.322 0.001 0.045 0.017 0.025 0.040 0.538 
 112 F _   0.012 0.331 0.001 0.047 0.017 0.024 0.038 0.529 
 113 S _   0.012 0.333 0.001 0.048 0.017 0.023 0.037 0.530 
 114 V _   0.012 0.329 0.001 0.046 0.015 0.021 0.036 0.539 
 115 L _   0.012 0.319 0.001 0.042 0.014 0.020 0.035 0.558 
 116 A _   0.011 0.299 0.001 0.035 0.012 0.018 0.035 0.587 
 117 C _   0.011 0.271 0.001 0.027 0.010 0.017 0.035 0.627 
 118 Y _   0.011 0.238 0.001 0.020 0.008 0.016 0.035 0.671 
 119 N _   0.011 0.208 0.001 0.014 0.007 0.015 0.035 0.709 
 120 G _   0.010 0.187 0.001 0.010 0.005 0.015 0.034 0.737 
 121 S _   0.010 0.175 0.001 0.008 0.005 0.015 0.034 0.752 
 122 P _   0.011 0.170 0.001 0.008 0.005 0.016 0.033 0.757 
 123 S _   0.011 0.170 0.001 0.009 0.005 0.017 0.033 0.754 
 124 G _   0.012 0.173 0.001 0.012 0.007 0.018 0.032 0.746 
 125 V _   0.012 0.179 0.001 0.015 0.008 0.019 0.031 0.734 
 126 Y _   0.013 0.186 0.001 0.019 0.009 0.020 0.029 0.723 
 127 Q _   0.013 0.192 0.001 0.022 0.010 0.020 0.028 0.714 
 128 C _   0.012 0.196 0.001 0.023 0.010 0.020 0.027 0.710 
 129 A _   0.012 0.196 0.001 0.023 0.010 0.020 0.026 0.711 
 130 M _   0.011 0.195 0.001 0.022 0.010 0.019 0.026 0.716 
 131 R _   0.011 0.192 0.001 0.020 0.009 0.019 0.025 0.723 
 132 P _   0.011 0.187 0.001 0.018 0.009 0.019 0.024 0.731 
 133 N _   0.011 0.183 0.001 0.016 0.009 0.019 0.024 0.738 
 134 F _   0.011 0.179 0.001 0.015 0.008 0.019 0.024 0.743 
 135 T _   0.012 0.177 0.001 0.014 0.008 0.019 0.023 0.747 
 136 I _   0.012 0.176 0.001 0.014 0.008 0.019 0.023 0.748 
 137 K _   0.013 0.175 0.001 0.014 0.008 0.020 0.022 0.746 
 138 G _   0.013 0.176 0.001 0.015 0.009 0.021 0.022 0.744 
 139 S _   0.014 0.178 0.001 0.015 0.010 0.021 0.021 0.740 
 140 F _   0.014 0.180 0.001 0.017 0.010 0.022 0.021 0.736 
 141 L _   0.015 0.182 0.001 0.018 0.011 0.022 0.020 0.730 
 142 N _   0.015 0.185 0.001 0.020 0.012 0.023 0.020 0.725 
 143 G _   0.016 0.187 0.001 0.022 0.013 0.023 0.019 0.719 
 144 S _   0.016 0.189 0.001 0.024 0.013 0.024 0.019 0.714 
 145 C _   0.016 0.190 0.001 0.025 0.014 0.024 0.019 0.712 
 146 G _   0.016 0.188 0.001 0.026 0.013 0.023 0.018 0.714 
 147 S _   0.016 0.184 0.001 0.025 0.013 0.023 0.018 0.719 
 148 V _   0.016 0.178 0.001 0.024 0.012 0.022 0.019 0.728 
 149 G _   0.016 0.169 0.001 0.022 0.011 0.022 0.019 0.742 
 150 F _   0.015 0.158 0.001 0.018 0.010 0.021 0.019 0.758 
 151 N _   0.015 0.147 0.001 0.015 0.009 0.021 0.019 0.774 
 152 I _   0.014 0.137 0.001 0.012 0.008 0.021 0.019 0.788 
 153 D _   0.014 0.130 0.001 0.010 0.007 0.021 0.019 0.797 
 154 Y _   0.015 0.126 0.001 0.010 0.007 0.022 0.019 0.801 
 155 D _   0.016 0.125 0.001 0.010 0.008 0.023 0.019 0.799 
 156 C _   0.017 0.127 0.001 0.011 0.009 0.025 0.019 0.791 
 157 V _   0.019 0.132 0.001 0.014 0.011 0.027 0.018 0.777 
 158 S _   0.021 0.141 0.001 0.019 0.014 0.029 0.018 0.759 
 159 F _   0.022 0.150 0.001 0.024 0.016 0.030 0.017 0.740 
 160 C _   0.023 0.158 0.001 0.028 0.018 0.030 0.017 0.725 
 161 Y _   0.023 0.163 0.001 0.032 0.019 0.030 0.017 0.714 
 162 M _   0.023 0.166 0.001 0.035 0.019 0.030 0.017 0.709 
 163 H _   0.023 0.166 0.001 0.035 0.019 0.029 0.017 0.710 
 164 H _   0.022 0.162 0.001 0.034 0.018 0.027 0.017 0.719 
 165 M _   0.021 0.155 0.001 0.032 0.016 0.025 0.017 0.732 
 166 E _   0.020 0.144 0.001 0.029 0.014 0.023 0.018 0.750 
 167 L _   0.019 0.132 0.001 0.025 0.012 0.021 0.018 0.771 
 168 P _   0.017 0.117 0.001 0.022 0.010 0.019 0.019 0.793 
 169 T _   0.016 0.103 0.001 0.019 0.009 0.017 0.020 0.815 
 170 G _   0.015 0.090 0.001 0.017 0.008 0.016 0.020 0.834 
 171 V _   0.013 0.078 0.001 0.015 0.006 0.014 0.021 0.852 
 172 H _   0.012 0.068 0.001 0.013 0.006 0.013 0.021 0.866 
 173 A _   0.011 0.059 0.001 0.012 0.005 0.012 0.021 0.879 
 174 G _   0.010 0.052 0.001 0.011 0.005 0.011 0.021 0.889 
 175 T _   0.009 0.046 0.001 0.011 0.004 0.011 0.021 0.897 
 176 D _   0.009 0.041 0.001 0.010 0.004 0.010 0.021 0.903 
 177 L _   0.008 0.038 0.000 0.010 0.004 0.010 0.021 0.908 
 178 E _   0.008 0.035 0.000 0.010 0.004 0.010 0.021 0.911 
 179 G _   0.008 0.032 0.000 0.011 0.004 0.010 0.021 0.913 
 180 N _   0.008 0.030 0.001 0.011 0.004 0.010 0.020 0.915 
 181 F _   0.008 0.029 0.001 0.012 0.004 0.010 0.020 0.916 
 182 Y _   0.008 0.027 0.001 0.013 0.005 0.011 0.020 0.917 
 183 G _   0.007 0.026 0.001 0.013 0.005 0.011 0.019 0.918 
 184 P _   0.007 0.024 0.001 0.014 0.005 0.011 0.019 0.919 
 185 F _   0.008 0.022 0.001 0.014 0.005 0.012 0.018 0.920 
 186 V _   0.008 0.021 0.001 0.014 0.005 0.012 0.018 0.922 
 187 D _   0.008 0.019 0.001 0.014 0.005 0.012 0.017 0.923 
 188 R _   0.009 0.017 0.001 0.014 0.006 0.013 0.017 0.924 
 189 Q _   0.010 0.014 0.001 0.014 0.006 0.013 0.017 0.925 
 190 T _   0.012 0.012 0.001 0.013 0.006 0.014 0.016 0.926 
 191 A _   0.016 0.009 0.001 0.012 0.006 0.014 0.016 0.927 
 192 Q _   0.020 0.007 0.001 0.011 0.006 0.014 0.015 0.926 
 193 A _   0.029 0.005 0.001 0.009 0.006 0.015 0.014 0.922 
 194 A _   0.043 0.003 0.001 0.007 0.006 0.015 0.014 0.912 
 195 G _   0.064 0.001 0.001 0.006 0.006 0.016 0.013 0.894 
 196 T _   0.096 0.001 0.001 0.004 0.006 0.017 0.012 0.863 
 197 D _   0.141 0.000 0.001 0.003 0.007 0.018 0.010 0.819 
 198 T _   0.203 0.000 0.001 0.002 0.009 0.020 0.009 0.756 
 199 T _   0.283 0.000 0.001 0.002 0.011 0.022 0.008 0.674 
 200 I _   0.374 0.000 0.001 0.002 0.014 0.023 0.006 0.579 
 201 T _   0.472 0.000 0.001 0.002 0.018 0.025 0.005 0.477 
 202 V H   0.563 0.000 0.001 0.002 0.022 0.026 0.004 0.382 
 203 N H   0.638 0.000 0.002 0.002 0.026 0.026 0.004 0.303 
 204 V H   0.697 0.000 0.002 0.002 0.029 0.025 0.003 0.243 
 205 L H   0.735 0.000 0.002 0.002 0.031 0.024 0.003 0.204 
 206 A H   0.755 0.000 0.002 0.002 0.032 0.022 0.004 0.183 
 207 W H   0.761 0.000 0.002 0.002 0.033 0.021 0.004 0.177 
 208 L H   0.751 0.000 0.002 0.003 0.033 0.021 0.005 0.187 
 209 Y H   0.724 0.000 0.002 0.003 0.031 0.020 0.005 0.214 
 210 A H   0.680 0.000 0.002 0.003 0.029 0.019 0.007 0.260 
 211 A H   0.618 0.000 0.002 0.003 0.025 0.019 0.008 0.325 
 212 V H   0.545 0.000 0.002 0.003 0.020 0.019 0.011 0.402 
 213 I _   0.464 0.000 0.001 0.002 0.015 0.019 0.013 0.485 
 214 N _   0.384 0.000 0.001 0.002 0.012 0.018 0.016 0.566 
 215 G _   0.313 0.000 0.001 0.002 0.010 0.019 0.018 0.636 
 216 D _   0.252 0.000 0.001 0.003 0.009 0.020 0.021 0.693 
 217 R _   0.202 0.000 0.001 0.005 0.009 0.021 0.024 0.738 
 218 W _   0.160 0.001 0.001 0.007 0.010 0.021 0.026 0.774 
 219 F _   0.126 0.002 0.001 0.009 0.010 0.022 0.029 0.801 
 220 L _   0.097 0.003 0.001 0.012 0.011 0.022 0.031 0.822 
 221 N _   0.075 0.004 0.001 0.014 0.011 0.022 0.034 0.840 
 222 R _   0.057 0.005 0.001 0.016 0.010 0.021 0.036 0.854 
 223 F _   0.043 0.006 0.001 0.015 0.009 0.019 0.038 0.868 
 224 T _   0.033 0.007 0.001 0.014 0.008 0.018 0.040 0.879 
 225 T _   0.025 0.007 0.001 0.013 0.007 0.016 0.042 0.889 
 226 T _   0.020 0.007 0.001 0.012 0.006 0.015 0.044 0.895 
 227 L _   0.016 0.008 0.001 0.011 0.006 0.014 0.046 0.898 
 228 N _   0.014 0.008 0.001 0.011 0.005 0.014 0.048 0.899 
 229 D _   0.013 0.009 0.001 0.012 0.005 0.014 0.050 0.896 
 230 F _   0.013 0.010 0.001 0.014 0.006 0.014 0.051 0.891 
 231 N _   0.013 0.012 0.001 0.016 0.006 0.014 0.053 0.886 
 232 L _   0.013 0.013 0.001 0.018 0.007 0.014 0.055 0.880 
 233 V _   0.013 0.014 0.001 0.019 0.007 0.014 0.057 0.876 
 234 A _   0.012 0.014 0.001 0.020 0.007 0.013 0.060 0.873 
 235 M _   0.012 0.013 0.001 0.019 0.007 0.013 0.062 0.874 
 236 K _   0.011 0.012 0.001 0.017 0.006 0.012 0.065 0.877 
 237 Y _   0.010 0.010 0.001 0.015 0.005 0.011 0.067 0.882 
 238 N _   0.010 0.008 0.001 0.012 0.004 0.010 0.070 0.886 
 239 Y _   0.009 0.006 0.000 0.010 0.004 0.009 0.072 0.890 
 240 E _   0.008 0.004 0.000 0.008 0.003 0.008 0.075 0.893 
 241 P _   0.008 0.003 0.000 0.006 0.003 0.008 0.077 0.895 
 242 L _   0.007 0.002 0.000 0.006 0.003 0.007 0.079 0.896 
 243 T _   0.007 0.001 0.000 0.005 0.002 0.007 0.081 0.895 
 244 Q _   0.007 0.001 0.000 0.005 0.002 0.008 0.082 0.894 
 245 D _   0.008 0.001 0.000 0.005 0.002 0.008 0.083 0.893 
 246 H _   0.009 0.001 0.000 0.005 0.003 0.009 0.084 0.890 
 247 V _   0.011 0.001 0.000 0.005 0.003 0.010 0.084 0.886 
 248 D _   0.015 0.000 0.000 0.005 0.003 0.012 0.085 0.880 
 249 I _   0.021 0.000 0.000 0.005 0.003 0.014 0.084 0.871 
 250 L _   0.031 0.000 0.000 0.005 0.004 0.018 0.084 0.857 
 251 G _   0.048 0.000 0.001 0.005 0.006 0.023 0.083 0.835 
 252 P _   0.074 0.000 0.001 0.005 0.009 0.029 0.082 0.801 
 253 L _   0.110 0.000 0.001 0.005 0.013 0.036 0.081 0.754 
 254 S _   0.155 0.000 0.001 0.005 0.019 0.044 0.079 0.695 
 255 A _   0.209 0.000 0.002 0.006 0.027 0.053 0.078 0.625 
 256 Q _   0.263 0.001 0.002 0.007 0.037 0.060 0.078 0.554 
 257 T _   0.311 0.001 0.002 0.008 0.046 0.065 0.078 0.489 
 258 G _   0.353 0.002 0.002 0.009 0.054 0.068 0.079 0.434 
 259 I _   0.384 0.003 0.002 0.010 0.059 0.068 0.080 0.394 
 260 A H   0.405 0.003 0.003 0.012 0.061 0.066 0.083 0.368 
 261 V H   0.414 0.004 0.003 0.012 0.061 0.063 0.087 0.356 
 262 L H   0.413 0.004 0.003 0.012 0.058 0.060 0.093 0.358 
 263 D H   0.400 0.003 0.003 0.012 0.054 0.055 0.099 0.374 
 264 M _   0.377 0.003 0.002 0.011 0.048 0.050 0.107 0.402 
 265 C _   0.343 0.002 0.002 0.010 0.040 0.045 0.116 0.441 
 266 A _   0.301 0.002 0.002 0.009 0.032 0.040 0.127 0.487 
 267 S _   0.255 0.001 0.002 0.008 0.025 0.035 0.139 0.535 
 268 L _   0.209 0.001 0.001 0.007 0.018 0.030 0.151 0.582 
 269 K _   0.165 0.001 0.001 0.007 0.013 0.025 0.164 0.625 
 270 E _   0.126 0.000 0.001 0.006 0.009 0.022 0.175 0.661 
 271 L _   0.094 0.000 0.001 0.005 0.007 0.018 0.185 0.690 
 272 L _   0.070 0.000 0.001 0.004 0.005 0.016 0.194 0.710 
 273 Q _   0.052 0.000 0.001 0.004 0.004 0.014 0.201 0.724 
 274 N _   0.039 0.000 0.000 0.004 0.004 0.013 0.208 0.731 
 275 G _   0.031 0.001 0.000 0.004 0.004 0.013 0.214 0.733 
 276 M _   0.027 0.001 0.000 0.004 0.004 0.014 0.219 0.731 
 277 N _   0.024 0.002 0.001 0.005 0.005 0.015 0.224 0.724 
 278 G _   0.023 0.004 0.001 0.007 0.006 0.017 0.230 0.713 
 279 R _   0.022 0.008 0.001 0.010 0.007 0.018 0.235 0.699 
 280 T _   0.022 0.013 0.001 0.014 0.009 0.020 0.241 0.682 
 281 I _   0.021 0.018 0.001 0.017 0.010 0.021 0.247 0.664 
 282 L _   0.020 0.023 0.001 0.021 0.012 0.022 0.253 0.647 
 283 G _   0.020 0.028 0.001 0.024 0.012 0.022 0.261 0.633 
 284 S _   0.019 0.031 0.001 0.025 0.012 0.022 0.269 0.621 
 285 A _   0.018 0.033 0.001 0.024 0.012 0.022 0.278 0.613 
 286 L _   0.017 0.033 0.001 0.022 0.011 0.021 0.288 0.607 
 287 L _   0.016 0.033 0.001 0.020 0.010 0.020 0.299 0.602 
 288 E _   0.015 0.032 0.001 0.017 0.008 0.018 0.310 0.599 
 289 D _   0.014 0.031 0.001 0.014 0.007 0.018 0.322 0.594 
 290 E _   0.014 0.030 0.001 0.011 0.006 0.017 0.333 0.588 
 291 F _   0.013 0.030 0.001 0.010 0.006 0.017 0.344 0.581 
 292 T _   0.014 0.030 0.001 0.009 0.005 0.017 0.354 0.570 
 293 P _   0.014 0.032 0.001 0.009 0.006 0.017 0.365 0.556 
 294 F _   0.015 0.035 0.001 0.010 0.006 0.018 0.375 0.539 
 295 D _   0.016 0.039 0.001 0.012 0.007 0.019 0.385 0.519 
 296 V _   0.017 0.045 0.001 0.015 0.009 0.020 0.396 0.497 
 297 V _   0.017 0.052 0.001 0.019 0.010 0.020 0.407 0.475 
 298 R _   0.016 0.059 0.001 0.022 0.011 0.020 0.418 0.455 
 299 Q _   0.014 0.064 0.001 0.025 0.011 0.018 0.429 0.439 
 300 C X   0.011 0.068 0.001 0.026 0.010 0.015 0.442 0.426 
 301 S X   0.008 0.069 0.001 0.025 0.008 0.012 0.457 0.420 
 302 G X   0.005 0.068 0.001 0.022 0.005 0.007 0.472 0.420 
 303 V X   0.002 0.064 0.000 0.016 0.001 0.003 0.486 0.427 
 304 T X   0.001 0.058 0.000 0.010 0.000 0.001 0.491 0.438 
 305 F X   0.001 0.053 0.000 0.010 0.000 0.001 0.491 0.445 
 306 Q X   0.004 0.050 0.001 0.017 0.004 0.004 0.481 0.439 
